6.839453125000000000e+01
1.119296875000000000e+02
6.839453125000000000e+01
1.337265625000000000e+02
6.937109375000000000e+01
1.540703125000000000e+02
7.132421875000000000e+01
1.773203125000000000e+02
7.816015625000000000e+01
1.933046875000000000e+02
8.890234375000000000e+01
2.049296875000000000e+02
1.006210937500000000e+02
2.165546875000000000e+02
1.142929687500000000e+02
2.209140625000000000e+02
1.289414062500000000e+02
2.223671875000000000e+02
1.435898437500000000e+02
2.223671875000000000e+02
1.562851562500000000e+02
2.151015625000000000e+02
1.670273437500000000e+02
2.034765625000000000e+02
1.777695312500000000e+02
1.903984375000000000e+02
1.846054687500000000e+02
1.729609375000000000e+02
1.855820312500000000e+02
1.497109375000000000e+02
1.855820312500000000e+02
1.322734375000000000e+02
1.855820312500000000e+02
1.133828125000000000e+02
7.230078125000000000e+01
1.017578125000000000e+02
8.206640625000000000e+01
9.739843750000000000e+01
9.329687500000000000e+01
9.957812500000000000e+01
1.040390625000000000e+02
1.017578125000000000e+02
1.147812500000000000e+02
1.039375000000000000e+02
1.406601562500000000e+02
1.046640625000000000e+02
1.509140625000000000e+02
1.017578125000000000e+02
1.626328125000000000e+02
9.957812500000000000e+01
1.733750000000000000e+02
9.812500000000000000e+01
1.836289062500000000e+02
1.046640625000000000e+02
1.279648437500000000e+02
1.162890625000000000e+02
1.279648437500000000e+02
1.293671875000000000e+02
1.279648437500000000e+02
1.424453125000000000e+02
1.269882812500000000e+02
1.555234375000000000e+02
1.123398437500000000e+02
1.598828125000000000e+02
1.201523437500000000e+02
1.613359375000000000e+02
1.269882812500000000e+02
1.642421875000000000e+02
1.348007812500000000e+02
1.627890625000000000e+02
1.416367187500000000e+02
1.613359375000000000e+02
8.206640625000000000e+01
1.206484375000000000e+02
8.792578125000000000e+01
1.235546875000000000e+02
1.055039062500000000e+02
1.162890625000000000e+02
1.103867187500000000e+02
1.177421875000000000e+02
1.035507812500000000e+02
1.206484375000000000e+02
8.792578125000000000e+01
1.235546875000000000e+02
1.465195312500000000e+02
1.177421875000000000e+02
1.533554687500000000e+02
1.148359375000000000e+02
1.680039062500000000e+02
1.104765625000000000e+02
1.738632812500000000e+02
1.148359375000000000e+02
1.680039062500000000e+02
1.191953125000000000e+02
1.533554687500000000e+02
1.206484375000000000e+02
1.015976562500000000e+02
1.831328125000000000e+02
1.123398437500000000e+02
1.802265625000000000e+02
1.240585937500000000e+02
1.773203125000000000e+02
1.289414062500000000e+02
1.787734375000000000e+02
1.328476562500000000e+02
1.787734375000000000e+02
1.435898437500000000e+02
1.787734375000000000e+02
1.533554687500000000e+02
1.816796875000000000e+02
1.455429687500000000e+02
1.874921875000000000e+02
1.377304687500000000e+02
1.918515625000000000e+02
1.289414062500000000e+02
1.918515625000000000e+02
1.191757812500000000e+02
1.903984375000000000e+02
1.103867187500000000e+02
1.874921875000000000e+02
1.025742187500000000e+02
1.831328125000000000e+02
1.162460937500000000e+02
1.845859375000000000e+02
1.289414062500000000e+02
1.845859375000000000e+02
1.406601562500000000e+02
1.831328125000000000e+02
1.523789062500000000e+02
1.831328125000000000e+02
1.406601562500000000e+02
1.831328125000000000e+02
1.289414062500000000e+02
1.845859375000000000e+02
1.152695312500000000e+02
1.831328125000000000e+02
