1.406132812500000000e+02
2.284648437500000000e+02
1.406132812500000000e+02
2.703398437500000000e+02
1.425273437500000000e+02
3.069804687500000000e+02
1.425273437500000000e+02
3.488554687500000000e+02
1.540117187500000000e+02
3.828789062500000000e+02
1.750664062500000000e+02
4.090507812500000000e+02
1.999492187500000000e+02
4.299882812500000000e+02
2.267460937500000000e+02
4.404570312500000000e+02
2.573710937500000000e+02
4.404570312500000000e+02
2.879960937500000000e+02
4.378398437500000000e+02
3.147929687500000000e+02
4.273710937500000000e+02
3.377617187500000000e+02
4.038164062500000000e+02
3.588164062500000000e+02
3.750273437500000000e+02
3.703007812500000000e+02
3.383867187500000000e+02
3.703007812500000000e+02
2.965117187500000000e+02
3.703007812500000000e+02
2.624882812500000000e+02
3.703007812500000000e+02
2.284648437500000000e+02
1.463554687500000000e+02
2.049101562500000000e+02
1.635820312500000000e+02
1.944414062500000000e+02
1.865507812500000000e+02
1.983671875000000000e+02
2.066484375000000000e+02
2.022929687500000000e+02
2.267460937500000000e+02
2.075273437500000000e+02
2.822539062500000000e+02
2.088359375000000000e+02
3.013945312500000000e+02
2.036015625000000000e+02
3.253203125000000000e+02
1.983671875000000000e+02
3.463750000000000000e+02
1.957500000000000000e+02
3.664726562500000000e+02
2.101445312500000000e+02
2.554570312500000000e+02
2.336992187500000000e+02
2.554570312500000000e+02
2.598710937500000000e+02
2.554570312500000000e+02
2.860429687500000000e+02
2.554570312500000000e+02
3.122148437500000000e+02
2.248320312500000000e+02
3.200664062500000000e+02
2.401445312500000000e+02
3.253007812500000000e+02
2.554570312500000000e+02
3.279179687500000000e+02
2.707695312500000000e+02
3.253007812500000000e+02
2.841679687500000000e+02
3.226835937500000000e+02
1.674101562500000000e+02
2.441679687500000000e+02
1.788945312500000000e+02
2.467851562500000000e+02
2.056914062500000000e+02
2.389335937500000000e+02
2.210039062500000000e+02
2.363164062500000000e+02
2.056914062500000000e+02
2.441679687500000000e+02
1.788945312500000000e+02
2.467851562500000000e+02
2.899101562500000000e+02
2.363164062500000000e+02
3.013945312500000000e+02
2.284648437500000000e+02
3.358476562500000000e+02
2.232304687500000000e+02
3.454179687500000000e+02
2.310820312500000000e+02
3.339335937500000000e+02
2.389335937500000000e+02
3.033085937500000000e+02
2.415507812500000000e+02
2.018632812500000000e+02
3.671757812500000000e+02
2.248320312500000000e+02
3.619414062500000000e+02
2.478007812500000000e+02
3.567070312500000000e+02
2.554570312500000000e+02
3.593242187500000000e+02
2.650273437500000000e+02
3.567070312500000000e+02
2.860820312500000000e+02
3.593242187500000000e+02
3.071367187500000000e+02
3.645585937500000000e+02
2.918242187500000000e+02
3.750273437500000000e+02
2.745976562500000000e+02
3.828789062500000000e+02
2.573710937500000000e+02
3.854960937500000000e+02
2.382304687500000000e+02
3.828789062500000000e+02
2.210039062500000000e+02
3.750273437500000000e+02
2.056914062500000000e+02
3.671757812500000000e+02
2.324882812500000000e+02
3.671757812500000000e+02
2.573710937500000000e+02
3.697929687500000000e+02
2.803398437500000000e+02
3.671757812500000000e+02
3.033085937500000000e+02
3.671757812500000000e+02
2.803398437500000000e+02
3.671757812500000000e+02
2.573710937500000000e+02
3.697929687500000000e+02
2.305742187500000000e+02
3.671757812500000000e+02
