7.025390625000000000e+01
1.116484375000000000e+02
7.025390625000000000e+01
1.329765625000000000e+02
7.025390625000000000e+01
1.514609375000000000e+02
7.308984375000000000e+01
1.742109375000000000e+02
7.970703125000000000e+01
1.898515625000000000e+02
8.916015625000000000e+01
2.012265625000000000e+02
1.005039062500000000e+02
2.111796875000000000e+02
1.137382812500000000e+02
2.154453125000000000e+02
1.279179687500000000e+02
2.154453125000000000e+02
1.420976562500000000e+02
2.140234375000000000e+02
1.553320312500000000e+02
2.097578125000000000e+02
1.657304687500000000e+02
1.998046875000000000e+02
1.761289062500000000e+02
1.855859375000000000e+02
1.827460937500000000e+02
1.699453125000000000e+02
1.836914062500000000e+02
1.486171875000000000e+02
1.836914062500000000e+02
1.301328125000000000e+02
1.836914062500000000e+02
1.116484375000000000e+02
7.403515625000000000e+01
1.002734375000000000e+02
8.348828125000000000e+01
9.529687500000000000e+01
9.388671875000000000e+01
9.742968750000000000e+01
1.042851562500000000e+02
9.956250000000000000e+01
1.137382812500000000e+02
1.016953125000000000e+02
1.411523437500000000e+02
1.016953125000000000e+02
1.506054687500000000e+02
9.956250000000000000e+01
1.614765625000000000e+02
9.814062500000000000e+01
1.718750000000000000e+02
9.671875000000000000e+01
1.818007812500000000e+02
1.031171875000000000e+02
1.279179687500000000e+02
1.130703125000000000e+02
1.279179687500000000e+02
1.272890625000000000e+02
1.279179687500000000e+02
1.400859375000000000e+02
1.279179687500000000e+02
1.528828125000000000e+02
1.127929687500000000e+02
1.571484375000000000e+02
1.203554687500000000e+02
1.585703125000000000e+02
1.279179687500000000e+02
1.614140625000000000e+02
1.345351562500000000e+02
1.585703125000000000e+02
1.411523437500000000e+02
1.585703125000000000e+02
8.348828125000000000e+01
1.173359375000000000e+02
8.916015625000000000e+01
1.201796875000000000e+02
1.023945312500000000e+02
1.173359375000000000e+02
1.099570312500000000e+02
1.159140625000000000e+02
1.033398437500000000e+02
1.187578125000000000e+02
8.916015625000000000e+01
1.201796875000000000e+02
1.449335937500000000e+02
1.159140625000000000e+02
1.506054687500000000e+02
1.116484375000000000e+02
1.666757812500000000e+02
1.102265625000000000e+02
1.714023437500000000e+02
1.130703125000000000e+02
1.657304687500000000e+02
1.173359375000000000e+02
1.515507812500000000e+02
1.173359375000000000e+02
1.014492187500000000e+02
1.784765625000000000e+02
1.127929687500000000e+02
1.770546875000000000e+02
1.241367187500000000e+02
1.742109375000000000e+02
1.279179687500000000e+02
1.756328125000000000e+02
1.316992187500000000e+02
1.742109375000000000e+02
1.430429687500000000e+02
1.756328125000000000e+02
1.524960937500000000e+02
1.784765625000000000e+02
1.449335937500000000e+02
1.841640625000000000e+02
1.373710937500000000e+02
1.870078125000000000e+02
1.279179687500000000e+02
1.870078125000000000e+02
1.194101562500000000e+02
1.870078125000000000e+02
1.109023437500000000e+02
1.841640625000000000e+02
1.033398437500000000e+02
1.784765625000000000e+02
1.156289062500000000e+02
1.798984375000000000e+02
1.279179687500000000e+02
1.798984375000000000e+02
1.402070312500000000e+02
1.798984375000000000e+02
1.515507812500000000e+02
1.784765625000000000e+02
1.402070312500000000e+02
1.784765625000000000e+02
1.279179687500000000e+02
1.798984375000000000e+02
1.156289062500000000e+02
1.798984375000000000e+02
