1.391054687500000000e+02
2.337812500000000000e+02
1.391054687500000000e+02
2.719687500000000000e+02
1.411289062500000000e+02
3.130937500000000000e+02
1.431523437500000000e+02
3.542187500000000000e+02
1.552929687500000000e+02
3.924062500000000000e+02
1.694570312500000000e+02
4.247187500000000000e+02
1.896914062500000000e+02
4.511562500000000000e+02
2.139726562500000000e+02
4.717187500000000000e+02
2.423007812500000000e+02
4.746562500000000000e+02
2.706289062500000000e+02
4.746562500000000000e+02
2.989570312500000000e+02
4.629062500000000000e+02
3.232382812500000000e+02
4.394062500000000000e+02
3.454960937500000000e+02
4.159062500000000000e+02
3.657304687500000000e+02
3.835937500000000000e+02
3.778710937500000000e+02
3.424687500000000000e+02
3.819179687500000000e+02
3.042812500000000000e+02
3.819179687500000000e+02
2.543437500000000000e+02
1.532695312500000000e+02
2.161562500000000000e+02
1.704687500000000000e+02
2.044062500000000000e+02
1.896914062500000000e+02
2.044062500000000000e+02
2.099257812500000000e+02
2.088125000000000000e+02
2.301601562500000000e+02
2.161562500000000000e+02
2.837812500000000000e+02
2.176250000000000000e+02
3.060390625000000000e+02
2.146875000000000000e+02
3.282968750000000000e+02
2.146875000000000000e+02
3.495429687500000000e+02
2.190937500000000000e+02
3.677539062500000000e+02
2.367187500000000000e+02
2.524179687500000000e+02
2.425937500000000000e+02
2.503945312500000000e+02
2.719687500000000000e+02
2.483710937500000000e+02
2.984062500000000000e+02
2.463476562500000000e+02
3.277812500000000000e+02
2.139726562500000000e+02
3.277812500000000000e+02
2.281367187500000000e+02
3.365937500000000000e+02
2.463476562500000000e+02
3.454062500000000000e+02
2.645585937500000000e+02
3.365937500000000000e+02
2.807460937500000000e+02
3.307187500000000000e+02
1.714804687500000000e+02
2.396562500000000000e+02
1.836210937500000000e+02
2.308437500000000000e+02
2.099257812500000000e+02
2.337812500000000000e+02
2.200429687500000000e+02
2.455312500000000000e+02
2.079023437500000000e+02
2.455312500000000000e+02
1.836210937500000000e+02
2.425937500000000000e+02
2.908632812500000000e+02
2.514062500000000000e+02
3.030039062500000000e+02
2.425937500000000000e+02
3.293085937500000000e+02
2.425937500000000000e+02
3.414492187500000000e+02
2.514062500000000000e+02
3.293085937500000000e+02
2.543437500000000000e+02
3.050273437500000000e+02
2.543437500000000000e+02
1.876679687500000000e+02
3.571562500000000000e+02
2.099257812500000000e+02
3.571562500000000000e+02
2.362304687500000000e+02
3.600937500000000000e+02
2.463476562500000000e+02
3.600937500000000000e+02
2.544414062500000000e+02
3.600937500000000000e+02
2.847929687500000000e+02
3.630312500000000000e+02
3.171679687500000000e+02
3.630312500000000000e+02
2.928867187500000000e+02
3.835937500000000000e+02
2.665820312500000000e+02
4.012187500000000000e+02
2.423007812500000000e+02
4.070937500000000000e+02
2.200429687500000000e+02
3.982812500000000000e+02
2.018320312500000000e+02
3.806562500000000000e+02
1.896914062500000000e+02
3.571562500000000000e+02
2.159960937500000000e+02
3.659687500000000000e+02
2.463476562500000000e+02
3.689062500000000000e+02
2.766992187500000000e+02
3.689062500000000000e+02
3.151445312500000000e+02
3.630312500000000000e+02
2.787226562500000000e+02
3.806562500000000000e+02
2.443242187500000000e+02
3.894687500000000000e+02
2.139726562500000000e+02
3.806562500000000000e+02
